Points for image left1 
x y 
288.8506493506493 738.2012987012986 
470.6688311688311 784.9545454545454 
590.1493506493507 878.4610389610389 
688.8506493506493 553.7857142857142 
696.6428571428571 439.4999999999999 
701.8376623376623 340.7987012987012 
704.4350649350649 278.46103896103875 
655.0844155844156 281.05844155844136 
608.331168831169 281.05844155844136 
553.7857142857142 286.2532467532466 
514.8246753246754 286.2532467532466 
465.474025974026 288.8506493506492 
Points for image mid 
x y 
808.331168831169 753.7857142857142 
686.2532467532467 862.8766233766233 
662.8766233766235 761.577922077922 
540.7987012987012 556.3831168831167 
543.3961038961038 434.3051948051947 
545.9935064935064 345.9935064935063 
551.1883116883116 275.86363636363615 
504.435064935065 281.05844155844136 
452.487012987013 278.46103896103875 
405.7337662337662 278.46103896103875 
351.18831168831167 278.46103896103875 
304.4350649350649 281.05844155844136 
Points for image right1 
x y 
538.2012987012988 751.1883116883116 
717.422077922078 904.4350649350649 
971.9675324675325 803.1363636363635 
340.79870129870125 551.1883116883116 
343.39610389610385 429.11038961038946 
662.8766233766235 434.3051948051947 
665.4740259740261 335.603896103896 
665.4740259740261 281.05844155844136 
712.2272727272727 283.65584415584397 
753.7857142857142 283.65584415584397 
813.5259740259739 288.8506493506492 
860.2792207792209 286.2532467532466 
Points for image mid 
x y 
457.6818181818182 657.681818181818 
535.6038961038962 857.6818181818181 
852.487012987013 797.9415584415583 
553.7857142857142 548.590909090909 
551.1883116883116 431.70779220779207 
862.8766233766235 434.3051948051947 
873.2662337662337 343.3961038961038 
873.2662337662337 281.05844155844136 
917.422077922078 278.46103896103875 
971.9675324675325 283.65584415584397 
1026.512987012987 273.26623376623365 
1081.0584415584417 275.86363636363615 
