Points for image left1
x y 
109.62987012987008 873.2662337662337 
171.9675324675324 634.3051948051947 
543.3961038961038 891.4480519480519 
701.8376623376623 556.3831168831167 
701.8376623376623 439.4999999999999 
712.2272727272727 340.7987012987012 
712.2272727272727 281.05844155844136 
652.487012987013 278.46103896103875 
649.8896103896104 338.2012987012986 
605.7337662337663 340.7987012987012 
608.331168831169 286.2532467532466 
558.9805194805194 286.2532467532466 
Points for image mid 
x y 
1008.331168831169 743.3961038961038 
1101.8376623376623 888.8506493506493 
1117.422077922078 662.8766233766232 
553.7857142857142 543.3961038961038 
548.590909090909 434.3051948051947 
551.1883116883116 335.603896103896 
551.1883116883116 278.46103896103875 
512.2272727272727 278.46103896103875 
507.0324675324675 338.2012987012986 
457.6818181818182 335.603896103896 
457.6818181818182 281.05844155844136 
410.9285714285714 281.05844155844136 
Points for image right1 
x y 
1182.357142857143 577.1623376623376 
1182.357142857143 761.577922077922 
1099.2402597402597 353.7857142857141 
343.39610389610385 545.9935064935064 
343.39610389610385 429.11038961038946 
655.0844155844156 548.590909090909 
657.6818181818182 439.4999999999999 
649.8896103896104 338.2012987012986 
649.8896103896104 283.65584415584397 
701.8376623376623 283.65584415584397 
699.2402597402597 335.603896103896 
745.9935064935066 335.603896103896 
Points for image mid 
x y 
205.73376623376618 662.8766233766232 
286.25324675324674 771.9675324675325 
397.94155844155847 826.512987012987 
551.1883116883116 548.590909090909 
545.9935064935064 434.3051948051947 
862.8766233766235 548.590909090909 
870.6688311688313 436.9025974025973 
855.0844155844156 338.2012987012986 
860.2792207792209 278.46103896103875 
909.6298701298701 278.46103896103875 
912.2272727272727 335.603896103896 
961.577922077922 335.603896103896 
