Points for image left1 
x y 
283.65584415584414 751.1883116883116 
553.7857142857142 621.3181818181818 
696.6428571428571 551.1883116883116 
699.2402597402597 434.3051948051947 
707.0324675324675 348.5909090909089 
709.6298701298701 278.46103896103875 
660.2792207792209 281.05844155844136 
660.2792207792209 345.9935064935063 
608.331168831169 351.1883116883115 
605.7337662337663 283.65584415584397 
561.577922077922 288.8506493506492 
558.9805194805194 348.5909090909089 
512.2272727272727 353.7857142857141 
509.6298701298701 288.8506493506492 
460.2792207792208 291.4480519480518 
Points for image mid 
x y 
120.01948051948045 766.7727272727273 
405.7337662337662 623.9155844155844 
551.1883116883116 551.1883116883116 
545.9935064935064 434.3051948051947 
553.7857142857142 345.9935064935063 
556.3831168831168 278.46103896103875 
504.435064935065 283.65584415584397 
501.8376623376624 345.9935064935063 
455.0844155844156 351.1883116883115 
455.0844155844156 283.65584415584397 
405.7337662337662 281.05844155844136 
405.7337662337662 348.5909090909089 
356.3831168831169 348.5909090909089 
361.5779220779221 283.65584415584397 
301.83766233766227 281.05844155844136 
Points for image left2 
x y 
533.0064935064936 738.2012987012986 
782.3571428571429 626.512987012987 
938.2012987012988 561.5779220779219 
935.6038961038962 439.4999999999999 
933.0064935064936 348.5909090909089 
935.6038961038962 286.2532467532466 
891.4480519480519 286.2532467532466 
883.6558441558441 351.1883116883115 
831.7077922077922 353.7857142857141 
834.3051948051948 291.4480519480518 
787.5519480519481 291.4480519480518 
784.9545454545455 348.5909090909089 
735.6038961038962 353.7857142857141 
735.6038961038962 299.2402597402596 
694.0454545454545 299.2402597402596 
Points for image mid 
x y 
114.82467532467524 766.7727272727273 
405.7337662337662 618.7207792207791 
551.1883116883116 545.9935064935064 
553.7857142857142 434.3051948051947 
551.1883116883116 345.9935064935063 
553.7857142857142 283.65584415584397 
509.6298701298701 286.2532467532466 
509.6298701298701 343.3961038961038 
462.8766233766234 345.9935064935063 
460.2792207792208 281.05844155844136 
413.525974025974 288.8506493506492 
405.7337662337662 348.5909090909089 
358.9805194805195 348.5909090909089 
358.9805194805195 288.8506493506492 
312.2272727272727 288.8506493506492 
Points for image right1 
x y 
340.79870129870125 548.590909090909 
338.20129870129864 434.3051948051947 
662.8766233766235 543.3961038961038 
662.8766233766235 431.70779220779207 
660.2792207792209 345.9935064935063 
662.8766233766235 275.86363636363615 
704.4350649350649 275.86363636363615 
699.2402597402597 338.2012987012986 
751.1883116883116 343.3961038961038 
753.7857142857142 286.2532467532466 
800.5389610389611 283.65584415584397 
797.9415584415585 340.7987012987012 
847.2922077922078 343.3961038961038 
847.2922077922078 288.8506493506492 
896.6428571428571 288.8506493506492 
Points for image mid 
x y 
556.3831168831168 551.1883116883116 
556.3831168831168 434.3051948051947 
873.2662337662337 553.7857142857142 
865.4740259740261 434.3051948051947 
865.4740259740261 343.3961038961038 
862.8766233766235 275.86363636363615 
912.2272727272727 275.86363636363615 
912.2272727272727 340.7987012987012 
964.1753246753246 338.2012987012986 
964.1753246753246 278.46103896103875 
1016.1233766233765 278.46103896103875 
1018.7207792207791 333.00649350649337 
1070.6688311688313 335.603896103896 
1073.2662337662339 273.26623376623365 
1130.409090909091 273.26623376623365 
Points for image right2 
x y 
88.85064935064929 561.5779220779219 
88.85064935064929 431.70779220779207 
442.09740259740255 551.1883116883116 
442.09740259740255 434.3051948051947 
444.69480519480516 348.5909090909089 
442.09740259740255 278.46103896103875 
494.04545454545456 281.05844155844136 
494.04545454545456 345.9935064935063 
543.3961038961038 351.1883116883115 
543.3961038961038 283.65584415584397 
595.3441558441559 288.8506493506492 
592.7467532467533 351.1883116883115 
636.9025974025974 353.7857142857141 
639.5 294.0454545454544 
686.2532467532467 294.0454545454544 
Points for image mid 
x y 
553.7857142857142 551.1883116883116 
551.1883116883116 439.4999999999999 
868.0714285714287 548.590909090909 
865.4740259740261 434.3051948051947 
868.0714285714287 345.9935064935063 
862.8766233766235 275.86363636363615 
917.422077922078 275.86363636363615 
917.422077922078 340.7987012987012 
969.3701298701299 340.7987012987012 
966.7727272727273 273.26623376623365 
1026.512987012987 275.86363636363615 
1023.9155844155844 343.3961038961038 
1075.8636363636365 340.7987012987012 
1078.461038961039 275.86363636363615 
1133.0064935064936 275.86363636363615 
