Points for image left1 
x y 
283.65584415584414 751.1883116883116 
548.590909090909 621.3181818181818 
699.2402597402597 556.3831168831167 
704.4350649350649 436.9025974025973 
707.0324675324675 348.5909090909089 
709.6298701298701 275.86363636363615 
660.2792207792209 281.05844155844136 
662.8766233766235 348.5909090909089 
608.331168831169 348.5909090909089 
610.9285714285713 281.05844155844136 
566.7727272727273 283.65584415584397 
566.7727272727273 345.9935064935063 
512.2272727272727 351.1883116883115 
514.8246753246754 288.8506493506492 
470.6688311688311 291.4480519480518 
Points for image mid 
x y 
107.03246753246748 769.3701298701299 
400.53896103896096 623.9155844155844 
548.590909090909 551.1883116883116 
548.590909090909 434.3051948051947 
551.1883116883116 351.1883116883115 
553.7857142857142 283.65584415584397 
509.6298701298701 283.65584415584397 
509.6298701298701 351.1883116883115 
452.487012987013 353.7857142857141 
449.88961038961037 286.2532467532466 
405.7337662337662 286.2532467532466 
403.13636363636357 348.5909090909089 
361.5779220779221 348.5909090909089 
361.5779220779221 283.65584415584397 
304.4350649350649 286.2532467532466 
Points for image left2 
x y 
538.2012987012988 740.7987012987012 
779.7597402597403 621.3181818181818 
927.8116883116884 561.5779220779219 
933.0064935064936 439.4999999999999 
938.2012987012988 353.7857142857141 
938.2012987012988 278.46103896103875 
888.8506493506493 281.05844155844136 
891.4480519480519 348.5909090909089 
836.9025974025974 348.5909090909089 
836.9025974025974 291.4480519480518 
787.5519480519481 299.2402597402596 
782.3571428571429 358.9805194805193 
740.7987012987014 364.17532467532453 
735.6038961038962 299.2402597402596 
696.6428571428571 304.4350649350648 
Points for image mid 
x y 
109.62987012987008 766.7727272727273 
400.53896103896096 621.3181818181818 
553.7857142857142 551.1883116883116 
553.7857142857142 439.4999999999999 
556.3831168831168 343.3961038961038 
558.9805194805194 278.46103896103875 
501.8376623376624 283.65584415584397 
504.435064935065 340.7987012987012 
460.2792207792208 343.3961038961038 
457.6818181818182 286.2532467532466 
405.7337662337662 286.2532467532466 
405.7337662337662 348.5909090909089 
356.3831168831169 353.7857142857141 
353.7857142857143 288.8506493506492 
304.4350649350649 283.65584415584397 
Points for image right1 
x y 
343.39610389610385 553.7857142857142 
345.99350649350646 431.70779220779207 
660.2792207792209 545.9935064935064 
662.8766233766235 434.3051948051947 
655.0844155844156 343.3961038961038 
655.0844155844156 286.2532467532466 
701.8376623376623 281.05844155844136 
701.8376623376623 340.7987012987012 
753.7857142857142 338.2012987012986 
756.3831168831168 288.8506493506492 
810.9285714285716 286.2532467532466 
803.1363636363637 345.9935064935063 
849.8896103896104 345.9935064935063 
852.487012987013 286.2532467532466 
904.4350649350649 291.4480519480518 
Points for image mid 
x y 
553.7857142857142 543.3961038961038 
553.7857142857142 434.3051948051947 
870.6688311688313 551.1883116883116 
868.0714285714287 436.9025974025973 
865.4740259740261 340.7987012987012 
862.8766233766235 273.26623376623365 
914.8246753246754 278.46103896103875 
909.6298701298701 343.3961038961038 
958.9805194805194 340.7987012987012 
964.1753246753246 275.86363636363615 
1021.3181818181818 275.86363636363615 
1018.7207792207791 338.2012987012986 
1073.2662337662339 340.7987012987012 
1070.6688311688313 275.86363636363615 
1130.409090909091 275.86363636363615 
Points for image right2 
x y 
86.25324675324669 558.9805194805193 
91.4480519480519 431.70779220779207 
442.09740259740255 548.590909090909 
442.09740259740255 436.9025974025973 
442.09740259740255 345.9935064935063 
447.29220779220776 275.86363636363615 
491.44805194805195 275.86363636363615 
491.44805194805195 343.3961038961038 
540.7987012987012 343.3961038961038 
538.2012987012988 283.65584415584397 
590.1493506493507 288.8506493506492 
595.3441558441559 343.3961038961038 
636.9025974025974 348.5909090909089 
639.5 286.2532467532466 
683.6558441558441 291.4480519480518 
Points for image mid 
x y 
548.590909090909 548.590909090909 
548.590909090909 434.3051948051947 
862.8766233766235 551.1883116883116 
865.4740259740261 434.3051948051947 
865.4740259740261 348.5909090909089 
865.4740259740261 275.86363636363615 
920.0194805194806 278.46103896103875 
914.8246753246754 345.9935064935063 
966.7727272727273 335.603896103896 
969.3701298701299 270.66883116883105 
1023.9155844155844 278.46103896103875 
1018.7207792207791 343.3961038961038 
1083.655844155844 335.603896103896 
1075.8636363636365 273.26623376623365 
1135.6038961038962 275.86363636363615 
