Points for image left1 
x y 
288.8506493506493 753.7857142857142 
551.1883116883116 621.3181818181818 
699.2402597402597 556.3831168831167 
699.2402597402597 431.70779220779207 
701.8376623376623 348.5909090909089 
704.4350649350649 283.65584415584397 
660.2792207792209 281.05844155844136 
657.6818181818182 345.9935064935063 
603.1363636363637 348.5909090909089 
603.1363636363637 286.2532467532466 
564.1753246753246 286.2532467532466 
561.577922077922 348.5909090909089 
514.8246753246754 353.7857142857141 
514.8246753246754 288.8506493506492 
468.0714285714286 288.8506493506492 
Points for image mid 
x y 
99.24025974025966 766.7727272727273 
395.34415584415586 616.1233766233765 
553.7857142857142 551.1883116883116 
553.7857142857142 434.3051948051947 
558.9805194805194 351.1883116883115 
558.9805194805194 273.26623376623365 
507.0324675324675 281.05844155844136 
504.435064935065 351.1883116883115 
452.487012987013 356.3831168831167 
452.487012987013 286.2532467532466 
405.7337662337662 283.65584415584397 
397.94155844155847 345.9935064935063 
356.3831168831169 345.9935064935063 
353.7857142857143 283.65584415584397 
307.0324675324675 283.65584415584397 
Points for image left2 
x y 
530.409090909091 738.2012987012986 
777.1623376623377 623.9155844155844 
935.6038961038962 564.1753246753245 
935.6038961038962 436.9025974025973 
938.2012987012988 340.7987012987012 
940.7987012987014 278.46103896103875 
894.0454545454545 283.65584415584397 
888.8506493506493 345.9935064935063 
834.3051948051948 348.5909090909089 
836.9025974025974 291.4480519480518 
790.1493506493507 294.0454545454544 
784.9545454545455 345.9935064935063 
738.2012987012988 353.7857142857141 
738.2012987012988 294.0454545454544 
691.4480519480519 296.642857142857 
Points for image mid 
x y 
107.03246753246748 761.577922077922 
403.13636363636357 621.3181818181818 
548.590909090909 553.7857142857142 
545.9935064935064 431.70779220779207 
551.1883116883116 351.1883116883115 
556.3831168831168 278.46103896103875 
507.0324675324675 278.46103896103875 
504.435064935065 348.5909090909089 
452.487012987013 351.1883116883115 
452.487012987013 281.05844155844136 
405.7337662337662 281.05844155844136 
403.13636363636357 348.5909090909089 
353.7857142857143 343.3961038961038 
356.3831168831169 286.2532467532466 
309.6298701298701 283.65584415584397 
Points for image right1 
x y 
348.59090909090907 545.9935064935064 
343.39610389610385 431.70779220779207 
660.2792207792209 540.7987012987012 
662.8766233766235 431.70779220779207 
660.2792207792209 340.7987012987012 
657.6818181818182 278.46103896103875 
712.2272727272727 281.05844155844136 
707.0324675324675 338.2012987012986 
756.3831168831168 343.3961038961038 
756.3831168831168 286.2532467532466 
803.1363636363637 286.2532467532466 
800.5389610389611 340.7987012987012 
849.8896103896104 343.3961038961038 
849.8896103896104 286.2532467532466 
901.8376623376623 288.8506493506492 
Points for image mid 
x y 
548.590909090909 543.3961038961038 
548.590909090909 434.3051948051947 
870.6688311688313 551.1883116883116 
865.4740259740261 434.3051948051947 
868.0714285714287 348.5909090909089 
865.4740259740261 275.86363636363615 
914.8246753246754 273.26623376623365 
914.8246753246754 335.603896103896 
971.9675324675325 335.603896103896 
971.9675324675325 270.66883116883105 
1023.9155844155844 275.86363636363615 
1023.9155844155844 343.3961038961038 
1073.2662337662339 333.00649350649337 
1075.8636363636365 273.26623376623365 
1130.409090909091 278.46103896103875 
Points for image right2 
x y 
96.64285714285705 553.7857142857142 
94.04545454545445 429.11038961038946 
447.29220779220776 545.9935064935064 
442.09740259740255 436.9025974025973 
444.69480519480516 343.3961038961038 
439.49999999999994 275.86363636363615 
488.85064935064935 283.65584415584397 
496.64285714285717 343.3961038961038 
545.9935064935064 345.9935064935063 
545.9935064935064 283.65584415584397 
590.1493506493507 288.8506493506492 
592.7467532467533 340.7987012987012 
639.5 351.1883116883115 
636.9025974025974 291.4480519480518 
678.4610389610391 291.4480519480518 
Points for image mid 
x y 
553.7857142857142 545.9935064935064 
553.7857142857142 436.9025974025973 
865.4740259740261 551.1883116883116 
860.2792207792209 429.11038961038946 
870.6688311688313 345.9935064935063 
865.4740259740261 275.86363636363615 
914.8246753246754 270.66883116883105 
909.6298701298701 348.5909090909089 
969.3701298701299 343.3961038961038 
971.9675324675325 270.66883116883105 
1023.9155844155844 275.86363636363615 
1023.9155844155844 340.7987012987012 
1075.8636363636365 335.603896103896 
1081.0584415584417 270.66883116883105 
1133.0064935064936 273.26623376623365 
