Points for image left1 
x y 
291.9650967036676 750.8052226793211 
547.0798208361513 615.5282022379783 
704.6892913582168 555.1927915450158 
697.1498116668756 350.95092635386374 
703.415016206803 277.2187388503347 
658.6092621368375 278.593541188855 
652.9450769379629 347.72024240555396 
613.2333441628405 353.17593700160836 
611.6735593611636 276.42998187781694 
570.8560729216445 288.16367869297886 
562.6868459822649 352.25613447663966 
512.6134664979372 344.75638948833137 
Points for image mid 
x y 
113.3293816120756 771.4812495594815 
401.2764567985746 622.2866752170297 
543.1529016284667 556.7631926845988 
554.9928909504612 445.5146178367267 
557.6228199165414 346.31347646851617 
563.4309024723889 286.6622733783001 
507.0600678527145 288.7539480351566 
501.63035556480213 336.13319734098474 
454.91876953222913 343.6577647659023 
455.3415412979971 285.6196577975354 
413.15888986123286 288.3991936085548 
403.5780134357944 346.45314585034237 
Points for image right1 
x y 
351.8733251743919 556.1610206444848 
346.1416310357687 436.10148726178494 
664.5236891179386 560.0433230861889 
664.7384284045719 430.2236807937491 
659.70045534496 346.60894743380595 
663.6325702666869 286.27134389809754 
707.1869606525947 290.56545732191375 
703.4142988406851 339.4799725691828 
755.0807110636746 344.9154998271551 
754.1490695955965 281.8117842703457 
804.3539247111288 284.0350225169525 
803.6434381197906 347.08732538199 
Points for image mid 
x y 
547.7199924070916 551.8578522326351 
555.1075113540207 445.207442598566 
862.4100232200466 550.0175980227378 
867.5578593660233 446.560349548303 
868.0723951986541 355.58176503055455 
863.6559218432324 276.92628362962796 
922.1756828649907 284.84428384662857 
917.4166428037008 336.25175953753705 
967.1252360383928 345.2177829728648 
967.1719765033754 288.36971767867976 
1019.115792169101 277.3178334707853 
1023.0481789595237 339.334567336082 
