Points for image left1 
x y 
279.73595495187914 752.8862179772825 
551.1993026398937 615.1447314828473 
702.5677706863061 557.0890441467652 
706.6617021025955 442.5279655549472 
702.5168139342153 346.53192770785057 
701.9121674180292 279.657955730788 
660.7698050601936 285.72246859346075 
655.1284193548511 347.31724670503513 
611.910637441806 349.6178192934947 
615.2575282953825 287.3584565553705 
571.1337897438178 289.22944512779185 
555.7676916445054 348.0721944976956 
Points for image mid 
x y 
117.00019642586045 763.1611454285809 
419.04588502548995 613.6835135864302 
551.812495894659 551.9898458267005 
551.1980592777263 436.8837684056389 
553.1344482147745 341.7955738845672 
556.112683498701 277.78348173676625 
505.5199020939086 274.92188845560867 
508.379725032653 343.7445652396973 
466.6689021181332 344.85411189980647 
462.65303546647874 278.7326776860781 
420.7429044490089 283.04150016063113 
415.55137045981445 345.63574567523233 
Points for image right1 
x y 
339.68793785266877 551.5476767832695 
348.3714164954183 432.5410243660118 
659.926027864811 550.0683937967325 
663.6241190111485 434.53718506850277 
663.2714841523688 348.5577624570327 
661.0851871511416 280.5399865866261 
707.3173120714857 287.8963418614669 
708.9906230439935 349.33290336224167 
756.5644145405403 349.8994159961661 
757.1519376818255 284.40815949720724 
814.1937505468462 288.1316321339913 
811.646557273607 346.64682302722576 
Points for image mid 
x y 
560.8107495671256 556.2879192845818 
557.6654272529873 444.0184642373755 
872.0994042755214 550.2498321622819 
870.8725630273365 435.4608406224368 
875.0259536805266 346.70205774073065 
866.1145708666587 283.2601775429319 
920.1890378674834 279.4967429018103 
922.5885582449373 346.9192536611542 
971.6722997484904 345.20230958441385 
973.1911511310243 272.64600367547695 
1024.7315862113367 277.25926093429257 
1025.0688522197167 336.78905969366565 
Points for image left1
