Points for image left1 
x y 
294.62827944639656 749.6912863521112 
549.7151235816749 625.5985341898948 
700.333758516484 552.2179735279145 
706.081222727049 448.18290005313963 
709.512492990359 352.82703987255934 
706.8936783348656 283.1198978110583 
655.9628466047072 292.0928918173263 
651.1239750395389 344.2254681309171 
613.0166358298626 350.37682643060356 
612.768907038407 287.55687767788385 
564.5896236294869 293.26526967165034 
563.1283273642742 341.0286423134271 
Points for image mid 
x y 
117.36261013012216 767.4211123090522 
413.45549620082727 617.6857186953525 
557.0538502083665 557.0031469348903 
561.4708482623487 445.73342583255015 
556.9086992443164 350.12799215723015 
556.8136022444137 276.0607611620634 
510.5163993357113 284.55916711387226 
507.25894187681996 341.6277039562247 
457.02422783411714 342.83423263335226 
462.2932131279657 294.22414063721715 
407.893168605144 288.8949362378721 
407.05198725881564 344.5788520967604 
Points for image right1 
x y 
340.4981421163908 557.1044085531098 
345.9824732936764 436.2657941677443 
657.0491783596003 553.6586340847534 
669.0548815421643 439.9571852525752 
660.7893208729073 341.698584999466 
668.9375222038553 284.26036474028945 
718.4520896862846 291.42129325275545 
713.8000965970806 344.16054446374426 
754.8264181311537 340.9897016636126 
755.5967344241338 281.4182735888877 
807.470278718039 286.95822087168233 
805.4081726321069 346.5404602927253 
Points for image mid 
x y 
545.446468565976 558.1295741701744 
555.7442005804811 444.2046134214984 
866.6133710793906 552.0626970961557 
871.0116969641226 442.35828928290647 
877.3612465860248 342.61728884989117 
876.2897969959408 274.2159160944815 
924.7375730729526 278.6988724747069 
924.7311042684223 346.15033615194477 
967.1870219659088 339.3595054414808 
972.5736152930161 276.96029025087563 
1032.1269545548948 279.1596872225128 
1030.1034069943314 345.41159158578165 
