Points for image left1 
x y 
291.85196051121244 748.6261713115915 
575.3045418921417 606.6345269964326 
700.2331027155639 549.1470446466001 
704.8888196366456 434.4736783189469 
702.8086799267938 335.7555188990128 
705.1973152694948 283.8903562691564 
663.7647037825642 289.5311235324918 
655.1486576877107 349.05877500156777 
609.2297864657189 343.88174947161986 
609.0692676984603 284.0124461823479 
559.100114019931 284.6194785389606 
552.0725447816544 346.3844117686666 
Points for image mid 
x y 
112.32312828947086 767.1513043587759 
424.06692884135714 606.5533186313326 
553.8747452336654 551.4990099395908 
556.39459426587 432.55744463071636 
554.4271039008297 346.57343439022713 
559.2950069241149 283.8260152955241 
509.7702167326882 284.0188833656877 
499.8526702743018 349.39880260720497 
453.39260353334464 351.92756113142656 
458.57860973031853 286.2964584569652 
414.20442366858435 286.5927653310699 
406.5018108857047 341.562912610187 
Points for image right1 
x y 
341.6562430713296 556.8079098260904 
343.7265368200879 429.24634170266773 
660.9058537636564 546.5772331188522 
655.1490502522341 437.6729255397389 
663.6831781372082 351.63987114705077 
660.5161693428875 276.8274754034618 
712.8951653375462 276.79497493487514 
707.1663100099748 341.38755019523086 
753.954131455392 343.9931273982974 
756.6275653143149 276.02207385331536 
809.0691040200626 281.07892575108156 
803.6581958930054 335.67586954503196 
Points for image mid 
x y 
551.2450030121272 554.0952493963665 
554.5815973690964 440.4960712384957 
871.1425712746436 543.7787138559053 
866.0960578545464 434.79227901648704 
868.2239305541773 346.97028344789044 
863.6480341390295 281.883700142862 
920.8844087880865 278.56073768770017 
912.7893023200994 341.74690223440723 
972.8998553288228 341.24209953934405 
974.7856304230078 271.5839323122296 
1030.0278906171006 271.63214020058166 
1024.579060355098 335.90378993728314 
