Points for image left1
x y 
138.20129870129864 416.12337662337643 
148.590909090909 686.2532467532467 
418.7207792207792 862.8766233766233 
707.0324675324675 548.590909090909 
709.6298701298701 442.0974025974025 
712.2272727272727 340.7987012987012 
712.2272727272727 281.05844155844136 
657.6818181818182 283.65584415584397 
657.6818181818182 345.9935064935063 
600.5389610389611 345.9935064935063 
930.409090909091 771.9675324675325 
1003.1363636363637 873.2662337662337 
Points for image mid 
x y 
733.0064935064936 881.0584415584415 
771.9675324675325 743.3961038961038 
247.29220779220776 753.7857142857142 
545.9935064935064 545.9935064935064 
548.590909090909 436.9025974025973 
556.3831168831168 348.5909090909089 
556.3831168831168 281.05844155844136 
509.6298701298701 281.05844155844136 
504.435064935065 348.5909090909089 
452.487012987013 348.5909090909089 
512.2272727272727 740.7987012987012 
1156.3831168831168 694.0454545454545 
Points for image right1 
x y 
366.7727272727272 704.4350649350648 
468.0714285714286 847.2922077922077 
782.3571428571429 860.2792207792207 
343.39610389610385 548.590909090909 
340.79870129870125 434.3051948051947 
660.2792207792209 543.3961038961038 
657.6818181818182 439.4999999999999 
662.8766233766235 340.7987012987012 
662.8766233766235 273.26623376623365 
701.8376623376623 273.26623376623365 
1112.2272727272727 623.9155844155844 
1153.7857142857142 792.7467532467531 
Points for image mid 
x y 
275.8636363636363 766.7727272727273 
353.7857142857143 881.0584415584415 
571.9675324675325 842.0974025974025 
545.9935064935064 556.3831168831167 
548.590909090909 434.3051948051947 
862.8766233766235 548.590909090909 
865.4740259740261 436.9025974025973 
868.0714285714287 348.5909090909089 
870.6688311688313 275.86363636363615 
922.6168831168832 275.86363636363615 
153.78571428571422 631.7077922077922 
169.3701298701298 868.0714285714284 
