Points for image left1 
x y 
288.8506493506493 751.1883116883116 
551.1883116883116 618.7207792207791 
704.4350649350649 556.3831168831167 
704.4350649350649 439.4999999999999 
717.422077922078 338.2012987012986 
712.2272727272727 281.05844155844136 
797.9415584415585 275.86363636363615 
797.9415584415585 335.603896103896 
810.9285714285716 465.47402597402584 
810.9285714285716 553.7857142857142 
909.6298701298701 553.7857142857142 
909.6298701298701 465.47402597402584 
Points for image mid 
x y 
107.03246753246748 761.577922077922 
397.94155844155847 623.9155844155844 
551.1883116883116 553.7857142857142 
551.1883116883116 434.3051948051947 
558.9805194805194 340.7987012987012 
561.577922077922 283.65584415584397 
652.487012987013 283.65584415584397 
647.2922077922078 338.2012987012986 
662.8766233766235 462.87662337662323 
660.2792207792209 551.1883116883116 
753.7857142857142 551.1883116883116 
751.1883116883116 465.47402597402584 
Points for image right1 
x y 
338.20129870129864 551.1883116883116 
343.39610389610385 431.70779220779207 
356.3831168831169 333.00649350649337 
351.18831168831167 268.07142857142844 
444.69480519480516 275.86363636363615 
442.09740259740255 330.40909090909076 
457.6818181818182 462.87662337662323 
455.0844155844156 545.9935064935064 
548.590909090909 551.1883116883116 
543.3961038961038 462.87662337662323 
548.590909090909 338.2012987012986 
551.1883116883116 281.05844155844136 
Points for image mid 
x y 
551.1883116883116 548.590909090909 
551.1883116883116 429.11038961038946 
558.9805194805194 340.7987012987012 
556.3831168831168 281.05844155844136 
652.487012987013 283.65584415584397 
644.6948051948052 340.7987012987012 
665.4740259740261 462.87662337662323 
662.8766233766235 548.590909090909 
751.1883116883116 548.590909090909 
748.5909090909092 465.47402597402584 
753.7857142857142 338.2012987012986 
756.3831168831168 281.05844155844136 
