Points for image left1 
x y 
283.8009821272509 751.8924929860055 
546.7126274831892 622.3019576116907 
704.714190373189 551.4644343137584 
702.2406580362343 429.54535989955605 
702.0492548148515 340.8093800674509 
704.4378276022113 281.17090112697775 
655.2075750248496 281.53780654615457 
611.0532130436352 281.40074324159775 
603.9617599026658 354.26140909026975 
559.5268626100506 354.2349965733771 
559.9359284802393 289.33592236913324 
515.3085729220664 286.97283006231794 
Points for image mid 
x y 
109.79032892429917 756.9253789080573 
398.35968632635894 618.9136840477563 
546.9579664179453 554.4819442493044 
548.9410598824492 429.816461140759 
546.8504143541631 335.7966700948684 
554.7178857473159 279.01835658227833 
510.3256404357207 281.1453899897675 
458.2009935865121 284.61994766023156 
444.9116356946209 343.438511314345 
406.1952110154513 343.77260791869594 
401.33575515642025 287.0895007254933 
356.7871201997616 287.22734534956817 
Points for image right1 
x y 
346.2698942358621 549.3052092763331 
346.87576853389135 427.50004079436906 
663.2588691262989 549.4218539296639 
663.1784052636215 434.85730945402605 
663.0505868074097 341.7197645756376 
662.9621165593019 278.5661836792492 
710.2561251559573 278.6150567178996 
707.4252833932248 333.0180686715138 
754.7640721347558 338.8308323177795 
754.1742170180562 278.85619213091087 
800.843461308397 281.89373760181536 
800.807769089997 338.92946176202787 
Points for image mid 
x y 
558.9905765045247 551.5427860885079 
559.4636397052723 440.0966051629141 
863.8416904483015 548.6958130305254 
862.944871655666 437.78593555024196 
865.879327328488 339.031879101803 
868.625490399549 276.6280327067232 
923.3707770900825 271.3759812437408 
920.6762833293974 336.11131395158947 
972.2758107346548 335.7477859158392 
975.500926654991 271.1650802927104 
1022.0453551772913 274.14748376555156 
1024.108363632827 338.402593774225 
